233 1165
218 228
11 121
149 118
33 171
18 226
229 65
164 208
72 60
180 167
190 231
163 133
165 118
138 96
14 186
36 215
218 17
206 229
138 123
111 168
61 125
161 57
186 88
32 26
144 208
193 101
206 123
1 134
8 140
227 19
89 30
1 74
48 208
67 182
98 178
113 159
66 41
213 20
125 8
42 37
217 231
134 186
118 136
88 122
39 78
141 128
104 143
202 152
114 32
98 208
206 211
130 40
16 110
56 137
119 98
174 103
92 76
52 210
208 136
100 14
214 8
138 86
147 103
1 24
136 95
232 109
70 130
145 82
7 201
219 122
62 161
221 155
0 41
128 204
173 228
218 155
0 123
8 143
222 5
168 125
101 167
231 171
60 143
20 68
108 6
186 170
163 175
88 159
212 213
130 152
208 111
74 204
230 78
115 220
80 46
112 181
213 106
115 37
17 131
105 125
133 54
58 60
229 147
215 204
123 109
124 94
220 194
66 214
36 177
201 116
223 76
60 199
183 171
3 196
69 104
88 198
159 146
25 151
56 8
123 179
117 10
41 100
204 103
81 3
47 45
115 33
118 175
228 64
113 232
27 178
99 111
144 21
24 169
173 77
173 59
19 53
69 56
150 36
155 231
36 198
40 151
231 154
90 227
218 203
222 8
145 88
119 52
110 139
221 46
216 158
105 232
207 170
55 124
202 211
119 5
176 159
157 171
80 14
161 61
213 146
69 121
230 188
173 103
94 158
149 78
83 17
73 53
183 128
178 153
102 64
154 42
223 74
209 66
84 133
127 65
46 196
182 43
147 123
147 8
48 59
82 127
73 155
176 23
47 121
172 145
185 94
168 159
0 16
59 127
77 101
86 26
145 229
149 55
5 193
114 83
83 183
2 27
207 45
144 142
190 97
232 137
31 164
59 32
180 115
155 24
216 5
50 128
1 196
179 2
152 57
86 232
7 84
22 210
129 166
120 82
26 119
219 58
50 46
90 230
161 8
17 140
13 68
32 15
31 211
13 179
35 99
178 39
183 200
16 75
134 132
158 160
15 140
214 61
186 67
55 110
76 72
18 89
136 50
100 167
24 114
110 60
209 55
95 156
23 107
231 157
3 152
80 18
60 62
75 13
129 126
120 201
199 138
58 102
184 154
33 208
35 143
31 12
194 126
164 217
230 162
137 0
82 218
14 142
43 89
151 168
216 38
137 178
172 191
43 123
112 72
95 144
211 126
156 173
16 83
157 13
12 58
13 90
43 23
228 82
112 147
13 91
181 150
36 121
108 80
7 221
148 98
132 127
225 51
67 4
130 220
17 142
45 26
229 84
49 224
166 157
138 180
93 48
200 202
124 207
186 40
73 81
167 61
128 1
65 25
217 78
163 30
100 159
114 149
147 48
69 48
224 85
131 84
134 98
49 21
69 231
61 142
79 224
199 203
221 27
224 206
105 155
3 205
77 117
117 220
161 186
36 152
35 167
0 165
33 45
186 98
44 11
7 119
2 202
90 224
229 77
197 97
228 196
65 69
80 178
56 9
127 92
157 162
23 153
90 52
199 40
150 10
51 153
125 49
122 215
36 114
56 229
211 51
192 43
120 40
221 177
45 111
32 198
37 55
115 127
107 81
167 24
87 214
177 212
27 66
191 63
180 14
60 154
61 19
193 182
55 177
122 96
56 154
58 93
210 173
220 84
21 151
109 104
128 49
79 155
112 37
215 59
47 42
210 109
57 170
54 109
115 176
201 171
97 26
31 74
195 14
159 212
161 31
83 57
80 163
208 192
196 190
15 11
228 225
116 49
158 170
154 40
113 122
211 210
145 5
52 107
20 207
87 177
1 170
230 81
96 206
37 60
159 48
71 151
36 183
196 194
120 117
2 0
6 209
206 151
211 25
26 227
228 113
171 229
46 169
74 143
138 107
203 64
155 37
211 191
220 174
148 103
58 146
99 61
123 72
212 101
94 1
95 89
110 29
82 157
198 156
63 103
26 29
164 181
62 142
135 45
80 50
148 134
197 14
195 83
86 171
180 180
172 42
33 50
67 111
203 33
30 29
132 56
58 63
4 120
202 139
165 49
185 76
183 149
90 146
232 172
84 179
116 19
217 145
65 52
23 31
81 53
60 213
109 114
44 109
1 13
11 162
58 196
5 4
113 91
150 108
27 230
51 143
13 31
55 78
83 74
106 160
127 166
141 232
48 181
108 45
190 119
204 15
82 205
19 191
64 166
63 91
159 114
230 172
141 48
14 221
122 120
148 16
49 56
11 97
0 119
139 190
1 110
201 79
82 221
38 142
150 97
229 76
207 226
12 115
41 22
103 159
142 19
171 191
71 182
52 72
64 191
25 65
64 227
145 146
211 179
52 128
43 48
200 13
38 212
128 75
1 228
2 139
14 173
94 81
123 146
149 183
100 171
16 164
165 157
73 143
99 125
34 138
174 1
151 208
210 46
50 211
41 52
114 51
226 208
129 112
121 45
62 221
216 74
148 144
231 221
54 97
110 88
2 47
86 153
22 63
196 72
37 0
125 151
48 114
126 177
222 10
218 47
227 198
122 142
109 116
127 160
214 4
11 212
51 97
129 69
160 92
141 198
88 29
116 136
139 6
80 128
12 66
176 7
31 61
145 136
177 35
63 154
35 75
134 82
172 30
151 96
118 56
61 202
81 173
106 221
175 182
112 188
15 51
191 42
112 99
175 53
135 5
207 166
76 108
16 12
134 163
108 15
219 165
218 68
105 91
56 44
40 164
232 52
216 186
90 91
52 32
144 183
34 119
117 110
223 129
122 125
59 230
136 46
162 121
110 31
208 162
75 12
93 70
64 72
23 150
164 71
183 75
18 213
194 135
90 181
27 213
73 86
206 209
128 132
94 5
163 69
167 1
81 24
71 141
96 90
59 27
157 5
99 175
218 60
73 71
4 100
47 77
187 17
50 78
149 144
84 75
209 14
76 54
38 143
195 135
229 17
158 153
18 24
96 232
81 169
67 85
37 114
159 220
131 205
65 43
112 149
118 88
160 190
142 198
96 101
96 92
114 18
13 133
42 109
128 119
45 195
205 78
77 127
65 204
99 131
15 211
43 129
66 203
87 205
165 179
73 28
39 183
42 52
83 81
157 208
170 168
44 10
62 109
215 161
3 226
139 47
118 202
17 201
174 178
148 10
203 187
189 12
6 40
93 159
11 61
124 181
229 168
192 59
45 170
216 48
159 123
91 44
92 105
13 29
50 157
35 20
111 224
33 113
27 126
39 38
183 163
216 180
95 171
2 140
104 218
184 30
104 39
70 192
144 79
221 194
3 19
215 110
7 11
223 30
137 25
69 84
189 48
27 51
219 29
187 90
10 134
116 115
169 182
74 80
29 59
38 28
74 20
139 81
27 125
112 160
151 177
11 103
225 38
150 211
63 100
64 74
230 180
189 167
129 30
14 154
85 52
183 160
68 85
8 95
210 116
19 128
60 30
227 48
69 144
22 128
11 86
202 9
33 158
172 159
185 186
80 33
2 26
193 66
111 198
158 89
77 177
213 134
207 208
182 39
115 205
168 123
58 133
128 88
59 67
14 7
16 94
40 14
117 230
81 228
195 2
80 39
179 61
173 149
32 119
185 143
91 116
33 145
16 161
0 71
228 10
74 8
101 115
22 218
108 99
213 70
101 61
105 43
118 42
193 146
161 141
56 15
24 86
156 36
14 153
163 182
10 31
60 32
16 168
132 226
1 0
50 107
73 69
137 125
84 157
211 3
193 222
156 64
224 87
10 1
114 70
33 127
2 161
116 3
158 166
106 198
93 18
194 166
83 98
58 167
18 37
167 211
22 90
43 13
173 53
14 51
119 47
178 121
205 61
121 130
223 227
95 83
9 56
16 92
150 74
23 168
107 186
142 129
43 181
142 213
230 152
31 117
200 209
1 168
33 122
65 23
113 160
106 118
212 118
206 125
188 225
56 63
178 198
188 218
147 98
198 144
13 229
24 209
201 26
144 1
144 209
24 20
132 126
134 111
11 104
3 199
96 59
25 38
21 214
75 221
75 88
217 100
65 185
122 209
186 29
182 206
46 81
95 176
193 106
47 192
68 144
15 90
182 32
67 205
200 138
189 38
222 173
134 54
121 19
27 70
49 205
39 91
53 134
34 9
3 82
198 67
222 213
157 167
12 224
135 208
129 91
9 119
27 144
169 148
159 192
214 204
164 20
62 214
150 93
223 153
175 188
220 160
164 141
94 172
132 229
147 25
87 153
140 110
60 72
25 219
28 2
191 188
18 16
169 168
109 156
88 51
111 71
211 39
212 68
211 108
64 122
129 147
42 36
24 102
104 45
84 132
84 65
59 20
229 164
172 84
212 47
156 190
86 131
26 64
6 86
182 135
1 224
167 21
89 35
67 174
167 110
212 14
172 34
31 168
20 178
17 172
131 103
66 153
164 73
3 113
204 0
101 139
21 190
174 88
127 104
199 103
119 138
133 150
69 95
116 85
36 134
24 164
4 87
84 164
160 83
45 131
83 146
33 105
99 203
193 223
75 155
89 190
56 222
103 126
81 219
211 117
116 232
48 117
82 129
48 9
212 93
136 63
2 166
164 98
136 120
84 207
43 169
160 95
158 26
217 2
9 192
120 125
187 164
9 36
60 58
45 36
147 177
95 146
106 26
7 10
146 91
213 185
27 137
44 181
163 28
184 172
220 67
61 174
231 70
206 55
124 14
87 35
192 182
177 65
204 184
71 113
38 48
66 61
185 110
9 111
134 189
47 118
19 108
55 14
174 29
69 62
43 156
97 231
101 37
221 127
185 26
175 14
87 123
120 92
231 22
45 45
136 64
149 191
78 90
216 143
148 27
62 8
21 163
45 81
231 29
205 180
55 147
194 138
34 78
227 28
96 39
73 232
103 218
186 182
71 170
88 220
193 151
228 210
81 37
59 76
66 31
23 118
174 213
23 204
54 13
232 150
52 68
145 152
53 99
97 125
32 185
108 221
103 99
198 181
136 20
24 199
51 43
84 222
23 103
193 78
117 189
224 165
24 137
84 74
232 181
199 31
134 70
15 0
169 213
181 73
1 205
35 48
15 119
37 35
222 227
113 102
179 100
35 203
4 119
44 3
64 6
30 194
76 41
194 9
22 143
78 19
115 113
67 127
232 101
162 217
91 38
87 37
138 118
3 143
4 48
142 64
50 169
25 123
210 220
132 228
126 210
14 4
90 78
131 89
175 60
69 33
98 156
